9.163904190063476562e-01
9.304257631301879883e-01
9.382824897766113281e-01
9.417033195495605469e-01
9.460412859916687012e-01
9.502382874488830566e-01
9.532123208045959473e-01
9.540555477142333984e-01
9.573624134063720703e-01
9.560511708259582520e-01
9.575666785240173340e-01
9.581145644187927246e-01
9.610578417778015137e-01
9.593937397003173828e-01
9.601197242736816406e-01
9.616789221763610840e-01
9.622178673744201660e-01
9.622277617454528809e-01
9.633263945579528809e-01
9.634187221527099609e-01
9.622429609298706055e-01
9.627065658569335938e-01
9.612126946449279785e-01
9.624907970428466797e-01
9.642089605331420898e-01
