4.567931964993476868e-02
3.523181751370429993e-02
3.116600587964057922e-02
2.890993282198905945e-02
2.725557610392570496e-02
2.564831823110580444e-02
2.442027255892753601e-02
2.355802431702613831e-02
2.286226861178874969e-02
2.244599722325801849e-02
2.208057045936584473e-02
2.163385972380638123e-02
2.128874137997627258e-02
2.111545763909816742e-02
2.089470252394676208e-02
2.096337638795375824e-02
2.051978558301925659e-02
2.050555869936943054e-02
2.033763006329536438e-02
2.023712731897830963e-02
2.000866457819938660e-02
2.004960551857948303e-02
2.005062252283096313e-02
1.999374665319919586e-02
1.980399154126644135e-02
