3.199027588413019707e+00
3.012406771350058854e+00
2.787121362746900921e+00
2.559920885001018664e+00
2.422012452107326297e+00
2.352451225754561559e+00
2.244314183095458048e+00
2.146878923580145315e+00
2.049403674283604815e+00
2.063161570555085422e+00
1.983308071543456563e+00
1.986099408690337187e+00
1.881828464520205468e+00
1.810287298670240297e+00
1.684020638465881348e+00
1.589814739622128270e+00
1.560679065194099602e+00
1.709477109514224269e+00
1.422895547690664841e+00
1.400363827966580654e+00
1.343668163202370813e+00
1.221464220885258634e+00
1.326528713961315775e+00
1.477130421407663041e+00
1.092859238196330463e+00
1.073704813316369577e+00
1.216991436329616816e+00
1.049947650189612336e+00
9.454558981452018118e-01
8.711442419677782878e-01
