8.582436324684483697e-01
8.754117234497312827e-01
8.950122040548141866e-01
9.116645781857193320e-01
9.198683105456600950e-01
9.238491904963354040e-01
9.310045781408905485e-01
9.361995147292021535e-01
9.417746340393260418e-01
9.409667978620832596e-01
9.448754749480327009e-01
9.441238880916765774e-01
9.483685599770516061e-01
9.520548847830219152e-01
9.581706596028273237e-01
9.618752048273754296e-01
9.629973659090175220e-01
9.574575454566129906e-01
9.683474180804696463e-01
9.704989263206530437e-01
9.723485267845688451e-01
9.776002316717888885e-01
9.772534081890325020e-01
9.686007393393546439e-01
9.827100809212703236e-01
9.834480521025931177e-01
9.788733732168841684e-01
9.842983396949281927e-01
9.876275089136354879e-01
9.904851712239016726e-01
