9.141264557838439941e-01
9.309614300727844238e-01
9.361988306045532227e-01
9.401298761367797852e-01
9.483075141906738281e-01
9.467411041259765625e-01
9.495239257812500000e-01
9.510660171508789062e-01
9.546782970428466797e-01
9.558669924736022949e-01
9.574707150459289551e-01
9.581982493400573730e-01
9.592635631561279297e-01
9.585534334182739258e-01
9.607884883880615234e-01
9.598203301429748535e-01
9.596849679946899414e-01
9.611704945564270020e-01
9.611454010009765625e-01
9.606660008430480957e-01
9.620209932327270508e-01
9.613381028175354004e-01
9.619246125221252441e-01
9.629185795783996582e-01
9.621816277503967285e-01
