4.553750157356262207e-02
3.486408293247222900e-02
3.110422752797603607e-02
2.895567007362842560e-02
2.737620286643505096e-02
2.625205926597118378e-02
2.518673799932003021e-02
2.461722306907176971e-02
2.364242076873779297e-02
2.312304265797138214e-02
2.272745221853256226e-02
2.247696556150913239e-02
2.206562459468841553e-02
2.161033265292644501e-02
2.147026732563972473e-02
2.115787565708160400e-02
2.115523442625999451e-02
2.086310647428035736e-02
2.050523459911346436e-02
2.042377926409244537e-02
2.041494287550449371e-02
2.025664411485195160e-02
2.016348205506801605e-02
2.009302005171775818e-02
2.011665329337120056e-02
