8.608063603662381436e-01
8.868054736192059195e-01
9.034296771523299130e-01
9.189332993167220742e-01
9.292159277922028560e-01
9.399954175493520081e-01
9.463085038646771308e-01
9.546448394751093636e-01
9.625763912109812637e-01
9.698183054377318424e-01
9.762729250701369654e-01
9.783014138792730519e-01
9.818947368366702788e-01
9.837059196393200811e-01
9.880148263493920835e-01
9.878593371931914113e-01
9.882565744363578375e-01
9.825655301665044972e-01
9.907211839773093498e-01
9.898645141322142127e-01
9.916579138701129281e-01
9.909203652363673953e-01
9.928600435044355743e-01
9.920507589722894481e-01
9.917813592655643218e-01
