3.180620624760913451e+00
2.900146211028858279e+00
2.676919496742783178e+00
2.441615426616304152e+00
2.285906351296005834e+00
2.086991334417063637e+00
1.953215476813589646e+00
1.796136671570455867e+00
1.625622055333131533e+00
1.467342424544559210e+00
1.303842406364003503e+00
1.242832332659678851e+00
1.143824220462969166e+00
1.099205214506501660e+00
9.729963066471609690e-01
9.841282656238337090e-01
9.764285824101441857e-01
1.142203517020887737e+00
8.868774095917962841e-01
9.226744919066216521e-01
8.473225896525534706e-01
8.714859899441906865e-01
8.108628976876568473e-01
8.422127954519478266e-01
8.586250182929312524e-01
