2.544444840920122575e-01
1.739352245496798288e-01
1.150496081460880282e-01
9.241417248415041696e-02
8.667140123964864329e-02
6.854103090642374441e-02
6.335855067908009730e-02
5.720945442967777239e-02
5.674098417917384368e-02
5.693361177286015290e-02
5.648917846287353217e-02
5.553232227699666373e-02
5.229069462305382943e-02
5.186798084008542586e-02
5.828211607435081903e-02
4.624089867442469221e-02
4.663601413935045820e-02
5.034571640853640478e-02
4.667513888282111972e-02
4.672606798666942285e-02
