9.045738374130635195e-01
9.505389506303811853e-01
9.750829542739481992e-01
9.833078535297249401e-01
9.842523411859439575e-01
9.897020821329913787e-01
9.908151686946048420e-01
9.923072064979167051e-01
9.926289667057085486e-01
9.927957118312015217e-01
9.927434687373004607e-01
9.929329126696043728e-01
9.937674448459963283e-01
9.938775595230392446e-01
9.924050328097765439e-01
9.949501669859583952e-01
9.949989560284192569e-01
9.943096773533881549e-01
9.949641054189657385e-01
9.950297248514392567e-01
