9.020483954043327923e-01
9.459239455718028156e-01
9.646453382093694850e-01
9.765826252442372235e-01
9.847164682195156393e-01
9.887037005605576745e-01
9.891272126873836834e-01
9.822675864907759458e-01
9.907928222342382574e-01
9.930246389364894011e-01
9.934768827655647838e-01
9.910735669015329208e-01
9.926455149167701109e-01
9.924660415589054985e-01
9.939606627331504241e-01
9.950689514981040373e-01
9.951745611202867936e-01
9.931835056860235378e-01
9.933964617644683859e-01
9.942472886435592683e-01
