2.575002674815021209e-01
1.822577286747437408e-01
1.396097788893723712e-01
1.081366137235979519e-01
8.625939130028591195e-02
7.173797002510179377e-02
7.032497618583184729e-02
9.189032904709441840e-02
6.348564206987997172e-02
5.384037389030939258e-02
5.244846156314958430e-02
6.395822824745238389e-02
5.657501330104055398e-02
5.686805915983417226e-02
5.114717305272440534e-02
4.609361455976208888e-02
4.514435669289359326e-02
5.394000927858715044e-02
5.320360355927974266e-02
4.953026215109643943e-02
