3.190761781801843444e+00
2.912164449691772461e+00
2.580298551328622736e+00
2.325386830955554096e+00
2.123658244017582852e+00
1.852521336002714403e+00
1.641022011732599539e+00
1.510623144496018755e+00
1.356632760375928060e+00
1.200964364276570162e+00
1.180012324053770323e+00
1.348419002666594979e+00
1.248987918446777812e+00
1.036159085240333733e+00
9.611017939391409692e-01
8.471825058293190880e-01
8.922349579015355081e-01
8.129354293938655385e-01
8.201582291323668006e-01
8.235901419524174205e-01
8.280777483229424529e-01
7.794940160338286184e-01
7.587504284397051935e-01
7.572842927495385679e-01
8.393641486289394882e-01
