8.596196254347540089e-01
8.840036657965106848e-01
9.105213170598267514e-01
9.272150754169293796e-01
9.384321908282625690e-01
9.527616561598079015e-01
9.625274337780703737e-01
9.680332727492995115e-01
9.745225223006716009e-01
9.801321910445097707e-01
9.808399498842323982e-01
9.745227178190923878e-01
9.781390276684123197e-01
9.861816862586197940e-01
9.885928133490738956e-01
9.917783270216291580e-01
9.906980190307471679e-01
9.927795840676423289e-01
9.928239853518783242e-01
9.925856582678047602e-01
9.924281224323685535e-01
9.935496236867965569e-01
9.940995160181811396e-01
9.941326808777584123e-01
9.922853271672680275e-01
