8.981495635418952350e-01
9.473284060441995447e-01
9.704097818724716218e-01
9.841964954062353277e-01
9.886925107316125727e-01
9.865023931370505705e-01
9.891440460953531133e-01
9.792480581923376226e-01
9.918034491659719620e-01
9.927013765407514123e-01
9.941072132014021623e-01
9.947595007811920187e-01
9.948078944713254490e-01
9.948717340638365547e-01
9.951850485198104890e-01
9.948054552078247070e-01
9.956838375405420161e-01
9.945848282379440297e-01
9.958529962769037125e-01
9.956158173235156728e-01
