2.630818252322040252e-01
1.816643427444409598e-01
1.286148484560507843e-01
8.956098943194255868e-02
7.481709226400037882e-02
8.204020795565616919e-02
7.252817652836630880e-02
1.051753555672078205e-01
6.316510521912876985e-02
5.958812396171726811e-02
5.394532894597777600e-02
5.108703432392470295e-02
5.134369607401799429e-02
5.096617242014860744e-02
4.977665186116966844e-02
5.072165450340584969e-02
4.691440904442267801e-02
5.242435945362984573e-02
4.714955686579776900e-02
4.710756746839873249e-02
