9.107834100723266602e-01
9.278114438056945801e-01
9.373540878295898438e-01
9.420894384384155273e-01
9.484952092170715332e-01
9.522849321365356445e-01
9.515526294708251953e-01
9.542787075042724609e-01
9.585322141647338867e-01
9.565695524215698242e-01
9.577393531799316406e-01
9.598118066787719727e-01
9.593526124954223633e-01
9.603591561317443848e-01
9.594492316246032715e-01
9.599583745002746582e-01
9.623671174049377441e-01
9.624640345573425293e-01
9.635224342346191406e-01
9.620546698570251465e-01
9.630064368247985840e-01
9.620115160942077637e-01
9.630284309387207031e-01
9.646401405334472656e-01
9.630044102668762207e-01
