4.617943614721298218e-02
3.599783778190612793e-02
3.127861395478248596e-02
2.829259261488914490e-02
2.631929703056812286e-02
2.511967532336711884e-02
2.426305599510669708e-02
2.347409166395664215e-02
2.289793081581592560e-02
2.229876257479190826e-02
2.181613445281982422e-02
2.156314626336097717e-02
2.114629372954368591e-02
2.100351639091968536e-02
2.086341753602027893e-02
2.060881443321704865e-02
2.059020474553108215e-02
2.022462338209152222e-02
2.022776193916797638e-02
2.023704163730144501e-02
2.008762583136558533e-02
1.972186937928199768e-02
1.998785324394702911e-02
1.975136809051036835e-02
1.974046975374221802e-02
