3.188123508623451396e+00
2.908174982496127825e+00
2.651787776096611093e+00
2.337327944245307876e+00
2.080028959140656220e+00
1.847070307488654084e+00
1.612765618949938640e+00
1.490286275839350028e+00
1.274166448860411416e+00
1.070465068528606567e+00
1.016527976579726822e+00
1.031415945405413481e+00
9.642271441259201437e-01
8.867629398206237079e-01
8.449360337227013185e-01
9.119957457682129620e-01
8.743884415383551545e-01
8.949976172416832521e-01
9.764631102039555977e-01
8.496757829265230155e-01
9.280557605870969340e-01
8.166183312987066456e-01
8.013442876232657053e-01
8.204142329799142264e-01
7.789310547196941492e-01
