8.592475926040843426e-01
8.843981995704067733e-01
9.057321430771214654e-01
9.260219252033597970e-01
9.410546832023911623e-01
9.530238148513113794e-01
9.638208970902072403e-01
9.694651190642338268e-01
9.776721057618499300e-01
9.848912586072448017e-01
9.869658066208955027e-01
9.868090703229236427e-01
9.884054140680155198e-01
9.909549222630300580e-01
9.920338137893919273e-01
9.905820842001847870e-01
9.913232709951461663e-01
9.906770101018772534e-01
9.874994925632598619e-01
9.919042253190544223e-01
9.901070184768385740e-01
9.927309003605204740e-01
9.931246873679434595e-01
9.927122418288212291e-01
9.937357302683933469e-01
