9.184610247611999512e-01
9.320207238197326660e-01
9.413296580314636230e-01
9.465097784996032715e-01
9.479368925094604492e-01
9.517348408699035645e-01
9.514334797859191895e-01
9.543734192848205566e-01
9.538768529891967773e-01
9.557854533195495605e-01
9.579709768295288086e-01
9.593695402145385742e-01
9.585134983062744141e-01
9.617664217948913574e-01
9.605290889739990234e-01
9.597985148429870605e-01
9.615744352340698242e-01
9.627671837806701660e-01
9.620219469070434570e-01
9.636308550834655762e-01
9.628349542617797852e-01
9.625132083892822266e-01
9.630587697029113770e-01
9.633193612098693848e-01
9.638843536376953125e-01
