4.519218578934669495e-02
3.470877185463905334e-02
3.056529909372329712e-02
2.821776643395423889e-02
2.641795948147773743e-02
2.533124573528766632e-02
2.429404668509960175e-02
2.390956133604049683e-02
2.331376820802688599e-02
2.294814772903919220e-02
2.247413061559200287e-02
2.198108471930027008e-02
2.182680740952491760e-02
2.153261192142963409e-02
2.111807465553283691e-02
2.116981893777847290e-02
2.079873718321323395e-02
2.073122374713420868e-02
2.038598805665969849e-02
2.058311365544795990e-02
2.005841396749019623e-02
1.995010115206241608e-02
1.993248984217643738e-02
1.982594840228557587e-02
1.970450766384601593e-02
