9.090482094619847242e-01
9.590587276446668197e-01
9.711003831670254050e-01
9.806795572932762717e-01
9.869742091697982778e-01
9.905928486510168218e-01
9.919352508798430224e-01
9.916570684577845629e-01
9.927191477787645768e-01
9.931943265697623646e-01
9.939192043075079086e-01
9.939415862288656367e-01
9.934858581687830981e-01
9.943674682061883763e-01
9.949872456019437372e-01
9.947895181329944325e-01
9.954056030587304926e-01
9.951749911791161196e-01
9.938040089003646882e-01
9.947698199296299837e-01
