2.446981760897213865e-01
1.549014166186127583e-01
1.239485058792029748e-01
9.590392823837980141e-02
7.784846066674099008e-02
6.369987304640721548e-02
5.993335835541351020e-02
6.078358739614486694e-02
5.554037965551207601e-02
5.337231549658352781e-02
5.086657598237447758e-02
5.135778960170624824e-02
5.366190301277969782e-02
4.895591919746580117e-02
4.602965792711777304e-02
4.793635619026195838e-02
4.449489085546022571e-02
4.634146760158901202e-02
5.207662996423395585e-02
4.732760188134410573e-02
