2.624890300669247556e-01
1.913861370162118769e-01
1.658974504923518833e-01
1.095677542535564569e-01
8.987339982126332782e-02
8.736158360408831369e-02
8.522042217133921072e-02
7.112441490156741486e-02
5.718215366330327981e-02
5.331175382944602220e-02
5.182757643581945711e-02
5.788339632032792753e-02
5.287338067081909926e-02
5.344475503963760227e-02
4.788053639327423394e-02
4.438900678784032244e-02
4.311657795989060765e-02
4.905064470028575735e-02
5.363007993260516387e-02
4.534709642205057151e-02
