8.987304002423829319e-01
9.413133097600333565e-01
9.535346657414979221e-01
9.765229526954360972e-01
9.832297420199913596e-01
9.832946537416192845e-01
9.841735378096375664e-01
9.889352449887915952e-01
9.922448547580574596e-01
9.932314738442625801e-01
9.936180922049510089e-01
9.924146042594427231e-01
9.935571234437483579e-01
9.936421634275701686e-01
9.946089967896666328e-01
9.951461387585990304e-01
9.955532641350468559e-01
9.943523391892638008e-01
9.933687901195091818e-01
9.950530619560917778e-01
