9.180314540863037109e-01
9.316799044609069824e-01
9.401638507843017578e-01
9.433279037475585938e-01
9.464374184608459473e-01
9.501525163650512695e-01
9.522655010223388672e-01
9.536080956459045410e-01
9.558832049369812012e-01
9.593097567558288574e-01
9.591954946517944336e-01
9.597620964050292969e-01
9.599640369415283203e-01
9.608939290046691895e-01
9.609771370887756348e-01
9.602785110473632812e-01
9.619669914245605469e-01
9.627341628074645996e-01
9.627935290336608887e-01
9.627919793128967285e-01
9.626853466033935547e-01
9.645760059356689453e-01
9.629351496696472168e-01
9.642261862754821777e-01
9.653024673461914062e-01
