4.546906799077987671e-02
3.463535010814666748e-02
3.059705533087253571e-02
2.850995212793350220e-02
2.708722837269306183e-02
2.581308595836162567e-02
2.479886449873447418e-02
2.400121837854385376e-02
2.318544499576091766e-02
2.251395024359226227e-02
2.207543514668941498e-02
2.156962826848030090e-02
2.134545706212520599e-02
2.101022936403751373e-02
2.091969735920429230e-02
2.091119624674320221e-02
2.051041834056377411e-02
2.025832980871200562e-02
2.030314877629280090e-02
2.033053152263164520e-02
2.001139149069786072e-02
1.983343437314033508e-02
1.973452791571617126e-02
1.960904337465763092e-02
1.959539018571376801e-02
