8.587123007531378693e-01
8.824777458883394932e-01
9.056721295520757664e-01
9.204620548114654799e-01
9.318314836283397851e-01
9.346014192909192220e-01
9.411708317744503782e-01
9.496753261347484765e-01
9.545987366111414740e-01
9.597916128529104807e-01
9.685347782578438425e-01
9.769658370382466872e-01
9.779774296055933069e-01
9.811767362485266375e-01
9.811707275688268393e-01
9.880564121683691470e-01
9.863860550200104216e-01
9.875912765029130069e-01
9.896829207991338917e-01
9.892700584071456582e-01
9.886054901560400454e-01
9.810236327967066794e-01
9.883401283792628833e-01
9.922207183898634764e-01
9.934663495440392289e-01
