3.195366484344385416e+00
2.926277230499656490e+00
2.634699830583706159e+00
2.423338190005842829e+00
2.227094102816976395e+00
2.178118544779005905e+00
2.050337609971404795e+00
1.888135507607915597e+00
1.785285882889085407e+00
1.674165412119239749e+00
1.490155302794875514e+00
1.276138688348660732e+00
1.258903798783660655e+00
1.156100612916764137e+00
1.173246598167783983e+00
9.675212073477970076e-01
1.032262216328055926e+00
9.873962436512018215e-01
9.150909443569791302e-01
9.309482582055839117e-01
9.709231815520366071e-01
1.164235231223379685e+00
9.452872181394297302e-01
8.143843290912118338e-01
7.667493721482100399e-01
